0.0 0.9926698965767855 22.0 8.48528137423857 8.48528137423857 6.941579852155145
0.039970820866336965 1.9816919974941243 21.024474132357476 8.16233016519182 8.849869433084331 -8.180638343914058
0.03289935967989521 2.9625308456220836 20.01882087655884 8.490215280949723 8.48084804572098 11.229103569245702
0.08917002087881798 3.9291143526930767 19.06970661011696 7.988018403715171 9.074531538866767 -14.482092603770123
0.06443998947589336 4.873750809211529 18.077069116164353 8.369306453963285 8.394524246860401 -19.099880148389285
-0.06083735623123232 5.7793810599889355 17.28936013889535 21.47933985370684 7.605886438543863 23.899671772656614
-0.05914211138176029 6.659774138352589 16.22065463389382 22.983402695971826 8.415358705905563 28.309256893426394
0.09075393834102385 7.548104277987534 15.557105563896442 36.886531467293764 10.250106829617298 25.724895976653045
0.38039022240836573 8.430211379414771 15.211013961408982 33.51518388589813 13.498190321159838 21.806146348201253
0.7808054622608296 9.27114107987991 15.029489551150096 31.429502061676768 14.398982900866816 21.345848274128546
1.2794394320075355 10.051148618753317 15.107606350778697 29.91823848183263 13.033373532656936 22.216145095439977
1.8725855227489845 10.7577451737764 15.60063551270135 28.829772943059343 11.994291861651655 22.699198404179814
2.610960284855608 11.432129100438843 16.670519582656496 16.742449759394365 11.253782494732304 0.0
3.2816371735480345 12.044674331696982 15.670525662973713 27.417144977392546 10.578715709270107 24.726336277032477
4.109270955488448 12.605925543308075 17.737755657789027 10.854567997167143 10.13679483208385 0.0
4.936920955488446 13.167175543308076 16.737756625820285 13.834076373026322 9.565311163969385 0.0
5.662653290888564 13.659312241599721 15.737757593851569 16.813584748885646 8.9938305946328 28.734317016025564
6.567802427331706 14.072380832527784 26.751939772854954 10.463775861421349 8.902847255538388 5.757370097750464
7.487239462825777 14.455306951299733 25.38323861380107 10.691633436329246 8.573938191151045 5.129680788395603
8.418125123980467 14.810782825782695 24.098450654199674 10.911385606873267 8.265075850783502 4.8347412777609575
9.35823454871747 15.139796455801545 22.865458556603613 11.089077740141146 7.979207151729834 5.111867749413067
10.30565120651471 15.440068050925333 21.653652919940242 11.16298430790515 7.728112193517597 6.3473809857397026
11.257387354442798 15.703457636618623 20.43457848213024 11.036941451486642 7.539386351906068 9.065379416490853
12.20593311191869 15.912802279476026 19.19368390577625 10.599347147014655 7.4702442427355695 13.73939296877329
13.13651533863726 16.041309667500528 17.96294172350892 9.793788476692084 7.635832642384855 20.045337373380438
14.045501835803904 16.05985331332245 16.866987442123364 8.723525610445522 24.350560646879046 -24.60962530677172
14.893943347353868 16.20021352391197 16.17135752462089 10.408323493509965 6.792200953608764 30.68615663426139
15.741755322120525 16.18725715369918 15.10781700978429 8.637352885335805 21.043794840851778 -32.01552325415017
16.624797039434014 16.340453678846956 14.47124780423539 10.74500432344839 24.76139736672997 -26.33204356900344
17.504920952296942 16.637428304176524 14.116117316068046 14.282939924242333 30.12991710819523 -21.739858456727557
18.334917956779535 17.040574979262786 13.891077316551526 13.222449407495528 38.19947145080313 -22.672491830951323
19.095201660114043 17.543431641949994 13.985771926786823 11.904849580902267 45.88356058338426 -24.28246767831247
19.768733676360085 18.141325430245715 14.581570473766332 10.92407710353014 44.53516376990125 -25.75913419771724
20.350660020563083 18.839943892482893 15.985772433501442 10.27366144730498 19.491486643892102 -24.59951384222841
20.87422813998137 19.691927658940457 18.429627333836923 9.920529322606159 10.122830195095794 0.0
21.397803139981363 20.543902658940453 17.429633330995987 9.38224009689837 12.377524302333555 0.0
21.92137813998137 21.39587765894045 16.429639328154973 8.84395087119057 14.632237915393635 0.0
22.365562289607652 22.118666152328302 15.429645325313997 8.305661645482774 16.88695152845378 -31.96532234419244
22.718642817062317 23.044754720564555 21.42942624800696 8.365372744275883 10.679025656344985 -7.6457697258306965
23.031729812070253 23.990227118040636 23.163322132046442 8.148882277658434 10.509605219832247 -5.1489006076373975
23.31676191403828 24.946058828931328 24.38406507169208 7.921285545377444 10.580913674627233 -4.109535500581812
23.579042799561677 25.909119842319143 25.43294364923025 7.698982982798578 10.709709879242556 -3.4868311146180133
23.821858255372817 26.87773821813539 26.407049457885474 7.485193943157123 10.85522345439288 -3.0508393081178276
24.0474944799124 27.85080578400664 27.349239461505608 7.280720584344389 11.003425701887489 -2.7169891439793186
24.25778032333635 28.827508863516726 28.281651658190988 7.085518562243638 11.14867144038954 -2.4463950363677918
24.454164828275538 29.80726109881168 29.216986405747974 6.899320998724757 11.288650947334943 -2.2190370845537983
24.637923199608863 30.78958884004639 30.16283209516996 6.721701750580434 11.422481118446644 -2.023702148655845
24.81011233393096 31.77413296273393 31.124640781494136 6.5522761266268414 11.549913562118395 -1.8537044162934904
24.971672765567035 32.76053703979355 30.6286702412427 6.390656467260338 11.670985769989946 -1.7052505082627825
25.123463728746827 33.74855531333213 29.58250963911468 6.236460028094988 11.785726304366655 -1.5758656999426863
25.2662063808649 34.73798082645318 28.543890045195173 6.089402107115213 11.894198868047656 -1.4658488601555506
25.400494329836235 35.728630892128464 27.51137891485198 5.949338382104856 11.99617140713115 -1.3631617935360065
25.526936318048598 36.720335476868215 26.484028500485728 5.815846587704728 12.092286561576676 -1.3119096656097982
25.645787168610156 37.71296013427681 25.460268040712887 5.689759280619591 12.17911716246336 -1.34049465628875
25.756883355661486 38.70640168909081 24.438473387184235 5.5729172452453914 12.250270087570259 -1.5254480403176285
25.859136286311156 39.70054449234719 23.416509604570194 5.469713341619397 12.292187907076311 -2.001135456608322
25.94973830582505 40.69508062179963 22.391816241939793 5.389309231714241 12.279312050648771 -2.9774523139345064
26.02297042486869 41.68896104711341 21.362661870441084 5.3493501364306315 12.169655337624041 -4.74030323126812
26.068512535615866 42.67911618406285 20.33251820772898 5.382755678506654 27.490248359607598 -7.601203566702241
26.07021356252973 43.65823978181472 19.320903731847544 5.550381452111411 27.27685797593446 -11.730073098382865
26.00657113675304 44.61320378724408 18.38245183565875 5.967656764404557 27.853334305402463 -16.84881355501933
25.854582933584027 45.52768991003883 17.62530915077931 6.86622314399672 9.261965899986487 -22.022797819878175
25.588494752506662 46.4094093826863 17.206023400920184 8.770343904852627 8.91306320015826 -22.929748763103895
25.21120134886938 47.239108170126215 17.12686380909631 12.569266338102278 8.104042930143642 24.291292152767095
24.960253008052717 48.09529996350782 15.381849652033303 9.983336183870042 30.772418687574923 -26.846716729162402
24.56105874397852 48.939336972084426 15.38142760731017 14.768019326508089 41.27277530116057 -20.98461193580808
24.064333212639312 49.724445855017656 15.455046474681467 13.387170846943507 45.67500756522676 -21.712089730183646
23.47363636358014 50.43918291399054 15.925197846817 12.330844997185322 44.262811651906155 -21.992880737765276
22.74324826171909 51.12221952283737 16.925434014134673 11.56730548561749 13.122096175061223 0.0
22.074075057831138 51.74803392176862 15.925425995385607 10.883872598089908 30.760483483441877 -23.622539214478977
21.256820337980017 52.324301684767484 17.790022173353083 10.404130570534715 10.2585843227761 0.0
20.43957033798003 52.900576684767486 16.790025096892304 9.81930273545563 13.640499604804761 0.0
19.622320337980028 53.47685168476749 15.790028020431507 9.23447490037654 17.022451474218215 0.0
18.935912643527317 53.960864904477646 14.790030943970741 8.649647065297458 20.40440334363171 -32.87041720279345
18.045680171104195 54.36061916984367 19.62549694340998 8.600660249207376 11.14448596822685 -12.611066210405747
17.111681134641103 54.700106839687486 22.363005205308713 8.430843849551822 10.308400964699496 -6.395399460379805
16.163172684603097 55.00541044894107 23.824384009354073 8.204377962711662 10.297416044394135 -4.843405959736034
15.205394180253975 55.28416972149956 25.028866793696913 7.979761551530234 10.399239977105005 -4.031730531462333
14.240758681156606 55.540558758320735 26.145467281785724 7.763853502425121 10.531455583684004 -3.5035572958752415
13.27070435396191 55.777311176070526 27.242207949869744 7.558402818995514 10.669715510665778 -3.1164409301505334
12.296251672048122 55.99649550657292 28.35467103110815 7.363706983102406 10.805015882198674 -2.81024823063283
11.318144832624533 56.199777054179016 29.504202580192498 7.179543094354253 10.93389521838073 -2.555957296935481
10.336971293990885 56.388515914798305 30.705550443330196 7.00554482193832 11.055136678115288 -2.3387201592987283
9.353192640849038 56.56392105633669 30.81535512150096 6.841253423418865 11.16838269027776 -2.1508098635568964
8.36719876072906 56.727014169187235 29.75202315527411 6.686282912281509 11.273629139293176 -1.9880579927640512
7.379298258482237 56.878711490973664 28.69964163647741 6.540282511530796 11.370859507648891 -1.8492599954115694
6.38976364872466 57.019757898302665 27.6560795675846 6.403073265929108 11.45990702894295 -1.7385860233922459
5.398827420864407 57.150796519619675 26.619532061534834 6.274671293859021 11.539957693140122 -1.6703914869722754
4.406655160111853 57.272209852813 25.588278543653892 6.155697315852897 11.608722441484106 -1.6791694468221279
3.4134241630436364 57.38390227730209 24.560514852449295 6.048077836230168 11.660694017192293 -1.8347075497087626
2.4193248004746053 57.4849678043976 23.534118079435533 5.9562456367048675 11.684142258508764 -2.2563873881105176
1.4247323742168092 57.57291831172159 22.506795439895487 5.889374890029915 11.657411869898521 -3.166643744856793
0.43071258005438295 57.64238850962456 21.47697494454929 5.8661596435506365 11.542449942376852 -4.838378191537537
-0.5596633500905952 57.68364098015597 20.448430677508732 5.921345573089926 11.287372052499451 -7.586514905418712
-1.5394395256749505 57.68117105943223 19.440387224531886 6.119744052295944 10.548947164334061 -11.545045086992179
-2.4949349871686977 57.61443657913115 18.505526952535813 6.582386158192813 9.846633517899772 -16.70191025700692
-3.4139169739328423 57.45949410916046 17.75209555563789 7.565033057826026 9.344947864555996 -21.25753324662873
-4.29691106172195 57.19511428122497 17.3136198145493 9.567679556746683 8.47458381745357 22.82144193553945
-5.149242906594104 57.05944339054861 15.90081661028744 8.183357494631919 26.74451748466786 -30.33641756383083
-6.016624424488761 56.75745105011525 15.725159820393037 11.350281288494164 34.11771655003295 -23.300157510399607
-6.764613067824463 56.376633668249994 15.691341028292603 14.704526201698563 6.411997769059537 32.92853024545784
-7.636220176399355 56.12745228481536 13.765605013519389 11.582455980102328 27.260890716003704 -24.972210920031735
-8.476566034184351 55.74801304877901 13.565697874574811 13.216970427370738 34.3444893853007 -22.774825899132434
-9.248453450087624 55.26740708396912 13.574700322486846 11.830897458759553 32.59513535585049 -24.5939730686693
-9.932059732025394 54.691175241023146 14.061553325450426 10.790536516223217 31.380779996286545 -26.611057886313066
-10.518334025772745 54.01613188539204 15.353887893793244 10.092846861056572 30.76706999885535 -26.607128564369894
-11.049411062086719 53.1688071171147 17.853368176798018 9.72799985659222 11.262179006399345 0.0
-11.58048606208672 52.3214821171147 16.85338900597714 9.183128035543753 13.63719658087462 0.0
-12.043482444600933 51.58277271476598 15.853409835156274 8.638256214495286 29.057237750352694 -29.330053334472407
-12.417840444757694 50.66843886673815 20.998496094489084 8.626737521971087 10.463111598456948 -8.882110533561624
-12.746739940888176 49.72952123830379 22.935373221485886 8.414227424418103 10.18901464366856 -5.809057648481385
-13.044288165902849 48.77820719763172 24.29861086166311 8.187037349826667 10.234599851949202 -4.612029498578457
-13.316450587658338 47.81838005754152 25.498403494434847 7.965938410404705 10.349434419804764 -3.9225872148143877
-13.566672939685638 46.85241497320245 24.60453208454865 7.755064589800594 10.482025255961528 -3.764080912057951
-13.795622109129077 45.88148497573297 23.47914433592537 7.564016552834249 10.408284242484038 -3.997003806907477
-14.001698202772893 44.90658378578792 22.36498491824643 7.403283782425714 26.1097694404039 -4.840704287214353
-14.179669182623343 43.929387235413245 21.25047261491873 7.294002526129398 25.422642705713915 -6.655098585681733
-14.318555270811927 42.95391940117771 20.13035159089505 7.277987580973993 24.92056649292507 -9.83876186194616
-14.399924707821889 41.989318269978426 19.021250074093228 7.436017350581603 24.807342934031187 -14.52619906888289
-14.399525607146778 41.048367084611805 17.98932662048506 7.923065701453921 25.451548126310538 -19.786932600751538
-14.293033007087367 40.1323262091293 17.16318765640455 9.02248365317682 27.465284316954957 -22.74748557357523
-14.064709434252158 39.23202479406987 16.642998453467122 11.15535977009799 31.533668887220045 -21.751558725228477
-13.721261105044213 38.35994531862439 16.370643288718778 14.881999147483983 32.78495292336094 -20.402129149246832
-13.276767852111007 37.53473561656259 16.310515570522508 14.991653744556697 31.028709842204442 -20.395998515763086
-12.7385157915256 36.76939292710575 16.54690308232962 13.738527506723786 29.717615326155755 -20.66526634515728
-12.110327510188682 36.07219886328703 17.188251783574465 12.786694083855421 28.77744701972737 -20.20421138145234
-11.397169575726508 35.44713533757219 18.315253083766 12.098327169580648 28.171162499205025 -18.502024308946993
-10.578599147657052 34.87272655470177 19.928892728908256 11.621664127323543 14.785551262196096 0.0
-9.760024147657056 34.298326554701774 18.92889002224743 11.038506009041916 18.11237511143985 0.0
-8.985239537827098 33.754654473147795 17.9288873155866 10.455347890760281 21.439154112243568 -18.82577764094229
-8.108714695451049 33.2733124262752 20.26571481738742 10.159388663643051 15.191963963007032 0.0
-7.232189695451048 32.791962426275205 19.265689001253648 9.65806655231722 16.914446700739663 0.0
-6.398104943500847 32.33391791770099 18.26566318511988 9.156744440991378 18.63695582757244 -17.902346499800977
-5.486556987262617 31.950799669950428 21.50852212116814 9.00135532248528 14.994160522242062 -8.589045613526501
-4.546459910847169 31.609873872698756 22.855841421924513 8.777507300290404 14.277990361499858 0.0
-3.6133718578525205 31.271491773602577 21.855830879480457 8.401133642752612 15.082678439938078 -7.002329108737643
-2.6727471031148085 30.973138482021014 20.57640310564839 8.190424145532122 14.620207952162579 -9.31503603015039
-1.7317113854908115 30.729911210682616 19.28644189021108 8.09360186947273 13.84193183148367 -13.598671767465502
-0.8035777204029984 30.566979897555825 18.00281392454312 8.220101940379923 12.66116395229508 -19.556292921163543
0.10357320162622585 30.51265555828438 16.833672957758456 8.778112211723416 11.201442538743162 -24.663656607297956
1.1000447060523086 30.59660311143739 15.952742871608667 10.093271740308303 9.800521812758896 0.0
2.0965197060523124 30.68055311143739 14.952737558905573 10.223377021967668 9.690634995449042 0.0
3.092994706052309 30.764503111437392 13.952732246202485 10.353482303627048 9.580749100187175 0.0
4.089469706052313 30.848453111437394 12.952726933499388 10.483587585286408 9.470863204925308 0.0
5.0859447060523095 30.932403111437395 11.9527216207963 10.613692866945787 9.360977309663442 0.0
6.082419706052306 31.016353111437397 10.952716308093212 10.743798148605157 9.251091414401596 0.0
6.9160418394764775 31.086582669388335 9.952710995390117 10.873903430264543 9.141205519139717 33.22030838467797
7.734240061440751 30.996098916663044 9.1393209941353 9.079050547144103 11.059624672010637 -34.59586787056254
0.0 0.9926698965767855 22.0 8.48528137423857 8.48528137423857 6.941579852155145
0.039970820866336965 1.9816919974941243 21.024474132357476 8.16233016519182 8.849869433084331 -8.180638343914058
0.03289935967989521 2.9625308456220836 20.01882087655884 8.490215280949723 8.48084804572098 11.229103569245702
0.08917002087881798 3.9291143526930767 19.06970661011696 7.988018403715171 9.074531538866767 -14.482092603770123
0.06443998947589336 4.873750809211529 18.077069116164353 8.369306453963285 8.394524246860401 -19.099880148389285
-0.06083735623123232 5.7793810599889355 17.28936013889535 21.47933985370684 7.605886438543863 23.899671772656614
-0.05914211138176029 6.659774138352589 16.22065463389382 22.983402695971826 8.415358705905563 28.309256893426394
0.09075393834102385 7.548104277987534 15.557105563896442 36.886531467293764 10.250106829617298 25.724895976653045
0.38039022240836573 8.430211379414771 15.211013961408982 33.51518388589813 13.498190321159838 21.806146348201253
0.7808054622608296 9.27114107987991 15.029489551150096 31.429502061676768 14.398982900866816 21.345848274128546
1.2794394320075355 10.051148618753317 15.107606350778697 29.91823848183263 13.033373532656936 22.216145095439977
1.8725855227489845 10.7577451737764 15.60063551270135 28.829772943059343 11.994291861651655 22.699198404179814
2.610960284855608 11.432129100438843 16.670519582656496 16.742449759394365 11.253782494732304 0.0
3.2816371735480345 12.044674331696982 15.670525662973713 27.417144977392546 10.578715709270107 24.726336277032477
4.109270955488448 12.605925543308075 17.737755657789027 10.854567997167143 10.13679483208385 0.0
4.936920955488446 13.167175543308076 16.737756625820285 13.834076373026322 9.565311163969385 0.0
5.662653290888564 13.659312241599721 15.737757593851569 16.813584748885646 8.9938305946328 28.734317016025564
6.567802427331706 14.072380832527784 26.751939772854954 10.463775861421349 8.902847255538388 5.757370097750464
7.487239462825777 14.455306951299733 25.38323861380107 10.691633436329246 8.573938191151045 5.129680788395603
8.418125123980467 14.810782825782695 24.098450654199674 10.911385606873267 8.265075850783502 4.8347412777609575
9.35823454871747 15.139796455801545 22.865458556603613 11.089077740141146 7.979207151729834 5.111867749413067
10.30565120651471 15.440068050925333 21.653652919940242 11.16298430790515 7.728112193517597 6.3473809857397026
11.257387354442798 15.703457636618623 20.43457848213024 11.036941451486642 7.539386351906068 9.065379416490853
12.20593311191869 15.912802279476026 19.19368390577625 10.599347147014655 7.4702442427355695 13.73939296877329
13.13651533863726 16.041309667500528 17.96294172350892 9.793788476692084 7.635832642384855 20.045337373380438
14.045501835803904 16.05985331332245 16.866987442123364 8.723525610445522 24.350560646879046 -24.60962530677172
14.893943347353868 16.20021352391197 16.17135752462089 10.408323493509965 6.792200953608764 30.68615663426139
15.741755322120525 16.18725715369918 15.10781700978429 8.637352885335805 21.043794840851778 -32.01552325415017
16.624797039434014 16.340453678846956 14.47124780423539 10.74500432344839 24.76139736672997 -26.33204356900344
17.504920952296942 16.637428304176524 14.116117316068046 14.282939924242333 30.12991710819523 -21.739858456727557
18.334917956779535 17.040574979262786 13.891077316551526 13.222449407495528 35.30470515968693 -22.672491830951323
19.095201660114043 17.543431641949994 13.985771926786823 11.904849580902267 33.63690164884462 -24.28246767831247
19.768733676360085 18.141325430245715 14.581570473766332 10.92407710353014 32.51395061217606 -25.75913419771724
20.350660020563083 18.839943892482893 15.985772433501442 10.27366144730498 19.491486643892102 -24.59951384222841
20.87422813998137 19.691927658940457 18.429627333836923 9.920529322606159 10.122830195095794 0.0
21.397803139981363 20.543902658940453 17.429633330995987 9.38224009689837 12.377524302333555 0.0
21.92137813998137 21.39587765894045 16.429639328154973 8.84395087119057 14.632237915393635 0.0
22.365562289607652 22.118666152328302 15.429645325313997 8.305661645482774 16.88695152845378 -31.96532234419244
22.718642817062317 23.044754720564555 21.42942624800696 8.365372744275883 10.679025656344985 -7.6457697258306965
23.031729812070253 23.990227118040636 23.163322132046442 8.148882277658434 10.509605219832247 -5.1489006076373975
23.31676191403828 24.946058828931328 24.38406507169208 7.921285545377444 10.580913674627233 -4.109535500581812
23.579042799561677 25.909119842319143 25.43294364923025 7.698982982798578 10.709709879242556 -3.4868311146180133
23.821802476009424 26.877515702518707 24.836261399975434 7.485193943157123 10.85522345439288 -3.28854742776913
24.045940314791622 27.85020580750046 23.72844314251586 7.287070785445702 10.97898203388665 -3.4651506140003008
24.25026845407878 28.82639915106472 22.629752442644968 7.113829083054616 11.047842951696026 -4.170620496027439
24.43042115815807 29.804952217908337 21.52940574978259 6.98253332420043 11.015679892826055 -5.734250262629922
24.576918069174667 30.782896627760394 20.420371559969922 6.9268334529238444 10.815595671768465 -8.561037836231
24.67312510171385 31.75272882860469 19.311409268802375 7.0115304603231 10.376044020668887 -12.94428935757491
24.69542082891212 32.70094142306749 18.252318596165896 7.362307927804385 9.667142906847364 -18.472016929108992
24.618031758415114 33.61889313154393 17.360425782119307 8.221593336280218 8.763483648683698 -22.897861639060316
24.424877144028144 34.49237100626627 16.776814272472723 10.008208704366274 7.849626532713929 26.54659080940273
24.371256335954797 35.34617464022068 15.538174757836762 8.429310729522912 8.566092366692606 -31.18701811629232
24.173285784377725 36.13824959919461 15.104572856561013 10.93914423879586 7.430380606016249 35.27014241742115
24.141825550070635 36.95216938790693 13.872094020568147 8.577825625986085 8.411822081087353 35.45940445955063
24.27210846181312 37.71668651976858 13.235929573640567 7.180491253165363 10.621043352361017 -39.14660649110051
